read serr 1 2
   -1.279181    0.0041883            0            0
   -1.270805    0.0041883            0            0
   -1.262428    0.0041883            0            0
   -1.254051    0.0041883            0            0
   -1.245675    0.0041883            0            0
   -1.237298    0.0041883            0            0
   -1.228921    0.0041883            0            0
   -1.220545    0.0041883            0            0
   -1.212168    0.0041883            0            0
   -1.203791    0.0041883            0            0
   -1.195414    0.0041883            0            0
   -1.187038    0.0041883            0            0
   -1.178661    0.0041883            0            0
   -1.170284    0.0041883            0            0
   -1.161908    0.0041883            0            0
   -1.153531    0.0041883            0            0
   -1.145154    0.0041883            0            0
   -1.136778    0.0041883            0            0
   -1.128401    0.0041883            0            0
   -1.120024    0.0041883            0            0
   -1.111648    0.0041883            0            0
   -1.103271    0.0041883            0            0
   -1.094894    0.0041883            0            0
   -1.086518    0.0041883            0            0
   -1.078141    0.0041883            0            0
   -1.069764    0.0041883            0            0
   -1.061388    0.0041883            0            0
   -1.053011    0.0041883            0            0
   -1.044634    0.0041883            0            0
   -1.036258    0.0041883            0            0
   -1.027881    0.0041883            0            0
   -1.019504    0.0041883            0            0
   -1.011128    0.0041883            0            0
   -1.002751    0.0041883            0            0
  -0.9943743    0.0041883            0            0
  -0.9859977    0.0041883            0            0
   -0.977621    0.0041883            0            0
  -0.9692443    0.0041883            0            0
  -0.9608676    0.0041883            0            0
   -0.952491    0.0041883            0            0
  -0.9441143    0.0041883            0            0
  -0.9357376    0.0041883            0            0
   -0.927361    0.0041883            0            0
  -0.9189843    0.0041883            0            0
  -0.9106076    0.0041883            0            0
  -0.9022309    0.0041883            0            0
  -0.8938543    0.0041883            0            0
  -0.8854776    0.0041883            0            0
  -0.8771009    0.0041883            0            0
  -0.8687242    0.0041883            0            0
  -0.8603476    0.0041883            0            0
  -0.8519709    0.0041883            0            0
  -0.8435942    0.0041883            0            0
  -0.8352176    0.0041883            0            0
  -0.8268409    0.0041883            0            0
  -0.8184642    0.0041883            0            0
  -0.8100875    0.0041883            0            0
  -0.8017109    0.0041883            0            0
  -0.7933342    0.0041883            0            0
  -0.7849575    0.0041883            0            0
  -0.7765808    0.0041883            0            0
  -0.7682042    0.0041883            0            0
  -0.7598275    0.0041883            0            0
  -0.7514508    0.0041883            0            0
  -0.7430742    0.0041883            0            0
  -0.7346975    0.0041883            0            0
  -0.7263208    0.0041883            0            0
  -0.7179441    0.0041883            0            0
  -0.7095675    0.0041883            0            0
  -0.7011908    0.0041883            0            0
  -0.6928141    0.0041883            0            0
  -0.6844374    0.0041883            0            0
  -0.6760608    0.0041883            0            0
  -0.6676841    0.0041883            0            0
  -0.6593074    0.0041883            0            0
  -0.6509307    0.0041883            0            0
  -0.6425541    0.0041883            0            0
  -0.6341774    0.0041883            0            0
  -0.6258007    0.0041883            0            0
  -0.6174241    0.0041883            0            0
  -0.6090474    0.0041883            0            0
  -0.6006707    0.0041883            0            0
   -0.592294    0.0041883            0            0
  -0.5839174    0.0041883            0            0
  -0.5755407    0.0041883            0            0
   -0.567164    0.0041883            0            0
  -0.5587873    0.0041883            0            0
  -0.5504107    0.0041883            0            0
   -0.542034    0.0041883            0            0
  -0.5336573    0.0041883            0            0
  -0.5252807    0.0041883            0            0
   -0.516904    0.0041883            0            0
  -0.5085273    0.0041883            0            0
  -0.5001506    0.0041883            3       1.7321
   -0.491774    0.0041883            7       2.6458
  -0.4833973    0.0041883            9            3
  -0.4750206    0.0041883           26        5.099
  -0.4666439    0.0041883           83       9.1104
  -0.4582673    0.0041883          157        12.53
  -0.4498906    0.0041883          356       18.868
  -0.4415139    0.0041883          613       24.759
  -0.4331372    0.0041883          835       28.896
  -0.4247606    0.0041883         1010        31.78
  -0.4163839    0.0041883         1189       34.482
  -0.4080072    0.0041883         1325       36.401
  -0.3996306    0.0041883         1445       38.013
  -0.3912539    0.0041883         1592         39.9
  -0.3828772    0.0041883         1656       40.694
  -0.3745005    0.0041883         1808       42.521
  -0.3661239    0.0041883         1797       42.391
  -0.3577472    0.0041883         1911       43.715
  -0.3493705    0.0041883         1978       44.475
  -0.3409938    0.0041883         2058       45.365
  -0.3326172    0.0041883         2126       46.109
  -0.3242405    0.0041883         2217       47.085
  -0.3158638    0.0041883         2201       46.915
  -0.3074872    0.0041883         2232       47.244
  -0.2991105    0.0041883         2246       47.392
  -0.2907338    0.0041883         2113       45.967
  -0.2823571    0.0041883         2032       45.078
  -0.2739805    0.0041883         1779       42.178
  -0.2656038    0.0041883         1688       41.085
  -0.2572271    0.0041883         1674       40.915
  -0.2488504    0.0041883         1599       39.987
  -0.2404738    0.0041883         1538       39.217
  -0.2320971    0.0041883         1505       38.794
  -0.2237204    0.0041883         1488       38.575
  -0.2153438    0.0041883         1479       38.458
  -0.2069671    0.0041883         1451       38.092
  -0.1985904    0.0041883         1423       37.723
  -0.1902137    0.0041883         1378       37.121
  -0.1818371    0.0041883         1325       36.401
  -0.1734604    0.0041883         1336       36.551
  -0.1650837    0.0041883         1339       36.592
   -0.156707    0.0041883         1341        36.62
  -0.1483304    0.0041883         1309        36.18
  -0.1399537    0.0041883         1312       36.222
   -0.131577    0.0041883         1346       36.688
  -0.1232003    0.0041883         1323       36.373
  -0.1148237    0.0041883         1282       35.805
   -0.106447    0.0041883         1341        36.62
 -0.09807033    0.0041883         1276       35.721
 -0.08969366    0.0041883         1174       34.264
 -0.08131698    0.0041883         1209       34.771
 -0.07294031    0.0041883         1270       35.637
 -0.06456364    0.0041883         1251       35.369
 -0.05618696    0.0041883         1193        34.54
 -0.04781029    0.0041883         1197       34.598
 -0.03943362    0.0041883         1259       35.482
 -0.03105695    0.0041883         1243       35.256
 -0.02268027    0.0041883         1252       35.384
  -0.0143036    0.0041883         1266       35.581
-0.005926927    0.0041883         1205       34.713
 0.002449746    0.0041883         1238       35.185
  0.01082642    0.0041883         1255       35.426
  0.01920309    0.0041883         1195       34.569
  0.02757976    0.0041883         1174       34.264
  0.03595644    0.0041883         1170       34.205
  0.04433311    0.0041883         1243       35.256
  0.05270978    0.0041883         1278       35.749
  0.06108646    0.0041883         1312       36.222
  0.06946313    0.0041883         1218         34.9
   0.0778398    0.0041883         1223       34.971
  0.08621648    0.0041883         1220       34.928
  0.09459315    0.0041883         1244        35.27
   0.1029698    0.0041883         1318       36.304
   0.1113465    0.0041883         1289       35.903
   0.1197232    0.0041883         1280       35.777
   0.1280998    0.0041883         1323       36.373
   0.1364765    0.0041883         1305       36.125
   0.1448532    0.0041883         1272       35.665
   0.1532299    0.0041883         1249       35.341
   0.1616065    0.0041883         1348       36.715
   0.1699832    0.0041883         1434       37.868
   0.1783599    0.0041883         1327       36.428
   0.1867366    0.0041883         1386       37.229
   0.1951132    0.0041883         1409       37.537
   0.2034899    0.0041883         1432       37.842
   0.2118666    0.0041883         1517       38.949
   0.2202432    0.0041883         1537       39.205
   0.2286199    0.0041883         1741       41.725
   0.2369966    0.0041883         1764           42
   0.2453733    0.0041883         1923       43.852
   0.2537499    0.0041883         2051       45.288
   0.2621266    0.0041883         2120       46.043
   0.2705033    0.0041883         2172       46.605
     0.27888    0.0041883         2189       46.787
   0.2872566    0.0041883         2097       45.793
   0.2956333    0.0041883         2069       45.486
     0.30401    0.0041883         2006       44.788
   0.3123866    0.0041883         2051       45.288
   0.3207633    0.0041883         1917       43.784
     0.32914    0.0041883         1851       43.023
   0.3375167    0.0041883         1691       41.122
   0.3458933    0.0041883         1620       40.249
     0.35427    0.0041883         1477       38.432
   0.3626467    0.0041883         1353       36.783
   0.3710234    0.0041883         1123       33.511
      0.3794    0.0041883          959       30.968
   0.3877767    0.0041883          691       26.287
   0.3961534    0.0041883          458       21.401
     0.40453    0.0041883          275       16.583
   0.4129067    0.0041883          147       12.124
   0.4212834    0.0041883           54       7.3485
   0.4296601    0.0041883           28       5.2915
   0.4380367    0.0041883            9            3
   0.4464134    0.0041883            6       2.4495
   0.4547901    0.0041883            5       2.2361
   0.4631668    0.0041883            1            1
   0.4715434    0.0041883            0            0
   0.4799201    0.0041883            0            0
   0.4882968    0.0041883            1            1
   0.4966735    0.0041883            0            0
   0.5050501    0.0041883            0            0
   0.5134268    0.0041883            0            0
   0.5218035    0.0041883            0            0
   0.5301801    0.0041883            0            0
   0.5385568    0.0041883            0            0
   0.5469335    0.0041883            0            0
   0.5553102    0.0041883            0            0
   0.5636868    0.0041883            0            0
   0.5720635    0.0041883            0            0
   0.5804402    0.0041883            0            0
   0.5888169    0.0041883            0            0
   0.5971935    0.0041883            0            0
   0.6055702    0.0041883            0            0
   0.6139469    0.0041883            0            0
   0.6223235    0.0041883            0            0
   0.6307002    0.0041883            0            0
   0.6390769    0.0041883            0            0
   0.6474536    0.0041883            0            0
   0.6558302    0.0041883            0            0
   0.6642069    0.0041883            0            0
   0.6725836    0.0041883            0            0
   0.6809603    0.0041883            0            0
   0.6893369    0.0041883            0            0
   0.6977136    0.0041883            0            0
   0.7060903    0.0041883            0            0
    0.714467    0.0041883            0            0
   0.7228436    0.0041883            0            0
   0.7312203    0.0041883            0            0
    0.739597    0.0041883            0            0
   0.7479736    0.0041883            0            0
   0.7563503    0.0041883            0            0
    0.764727    0.0041883            0            0
   0.7731037    0.0041883            0            0
   0.7814803    0.0041883            0            0
    0.789857    0.0041883            0            0
   0.7982337    0.0041883            0            0
   0.8066104    0.0041883            0            0
    0.814987    0.0041883            0            0
   0.8233637    0.0041883            0            0
   0.8317404    0.0041883            0            0
    0.840117    0.0041883            0            0
   0.8484937    0.0041883            0            0
   0.8568704    0.0041883            0            0
   0.8652471    0.0041883            0            0
   0.8736237    0.0041883            0            0
   0.8820004    0.0041883            0            0
   0.8903771    0.0041883            0            0
   0.8987538    0.0041883            0            0
   0.9071304    0.0041883            0            0
   0.9155071    0.0041883            0            0
   0.9238838    0.0041883            0            0
   0.9322604    0.0041883            0            0
   0.9406371    0.0041883            0            0
   0.9490138    0.0041883            0            0
   0.9573905    0.0041883            0            0
   0.9657671    0.0041883            0            0
   0.9741438    0.0041883            0            0
   0.9825205    0.0041883            0            0
   0.9908972    0.0041883            0            0
   0.9992738    0.0041883            0            0
    1.007651    0.0041883            0            0
    1.016027    0.0041883            0            0
    1.024404    0.0041883            0            0
    1.032781    0.0041883            0            0
    1.041157    0.0041883            0            0
    1.049534    0.0041883            0            0
    1.057911    0.0041883            0            0
    1.066287    0.0041883            0            0
    1.074664    0.0041883            0            0
    1.083041    0.0041883            0            0
    1.091417    0.0041883            0            0
    1.099794    0.0041883            0            0
    1.108171    0.0041883            0            0
    1.116547    0.0041883            0            0
    1.124924    0.0041883            0            0
    1.133301    0.0041883            0            0
    1.141677    0.0041883            0            0
    1.150054    0.0041883            0            0
    1.158431    0.0041883            0            0
    1.166807    0.0041883            0            0
    1.175184    0.0041883            0            0
    1.183561    0.0041883            0            0
    1.191937    0.0041883            0            0
    1.200314    0.0041883            0            0
    1.208691    0.0041883            0            0
    1.217067    0.0041883            0            0
    1.225444    0.0041883            0            0
