read serr 1 2
   -1.257302    0.0042541            0            0
   -1.248794    0.0042541            0            0
   -1.240286    0.0042541            0            0
   -1.231778    0.0042541            0            0
   -1.223269    0.0042541            0            0
   -1.214761    0.0042541            0            0
   -1.206253    0.0042541            0            0
   -1.197744    0.0042541            0            0
   -1.189236    0.0042541            0            0
   -1.180728    0.0042541            0            0
   -1.172219    0.0042541            0            0
   -1.163711    0.0042541            0            0
   -1.155203    0.0042541            0            0
   -1.146695    0.0042541            0            0
   -1.138186    0.0042541            0            0
   -1.129678    0.0042541            0            0
    -1.12117    0.0042541            0            0
   -1.112661    0.0042541            0            0
   -1.104153    0.0042541            0            0
   -1.095645    0.0042541            0            0
   -1.087136    0.0042541            0            0
   -1.078628    0.0042541            0            0
    -1.07012    0.0042541            0            0
   -1.061612    0.0042541            0            0
   -1.053103    0.0042541            0            0
   -1.044595    0.0042541            0            0
   -1.036087    0.0042541            0            0
   -1.027578    0.0042541            0            0
    -1.01907    0.0042541            0            0
   -1.010562    0.0042541            0            0
   -1.002053    0.0042541            0            0
  -0.9935451    0.0042541            0            0
  -0.9850368    0.0042541            0            0
  -0.9765285    0.0042541            0            0
  -0.9680202    0.0042541            0            0
  -0.9595119    0.0042541            0            0
  -0.9510036    0.0042541            0            0
  -0.9424953    0.0042541            0            0
   -0.933987    0.0042541            0            0
  -0.9254787    0.0042541            0            0
  -0.9169704    0.0042541            0            0
  -0.9084621    0.0042541            0            0
  -0.8999538    0.0042541            0            0
  -0.8914455    0.0042541            0            0
  -0.8829372    0.0042541            0            0
  -0.8744289    0.0042541            0            0
  -0.8659206    0.0042541            0            0
  -0.8574123    0.0042541            0            0
   -0.848904    0.0042541            0            0
  -0.8403957    0.0042541            0            0
  -0.8318874    0.0042541            0            0
  -0.8233791    0.0042541            0            0
  -0.8148709    0.0042541            0            0
  -0.8063626    0.0042541            0            0
  -0.7978543    0.0042541            0            0
   -0.789346    0.0042541            0            0
  -0.7808377    0.0042541            0            0
  -0.7723294    0.0042541            0            0
  -0.7638211    0.0042541            0            0
  -0.7553128    0.0042541            0            0
  -0.7468045    0.0042541            0            0
  -0.7382962    0.0042541            0            0
  -0.7297879    0.0042541            0            0
  -0.7212796    0.0042541            0            0
  -0.7127713    0.0042541            0            0
   -0.704263    0.0042541            0            0
  -0.6957547    0.0042541            0            0
  -0.6872464    0.0042541            0            0
  -0.6787381    0.0042541            0            0
  -0.6702298    0.0042541            0            0
  -0.6617215    0.0042541            0            0
  -0.6532132    0.0042541            0            0
  -0.6447049    0.0042541            0            0
  -0.6361966    0.0042541            0            0
  -0.6276883    0.0042541            0            0
    -0.61918    0.0042541            0            0
  -0.6106717    0.0042541            0            0
  -0.6021634    0.0042541            0            0
  -0.5936551    0.0042541            0            0
  -0.5851468    0.0042541            0            0
  -0.5766385    0.0042541            0            0
  -0.5681302    0.0042541            0            0
  -0.5596219    0.0042541            0            0
  -0.5511136    0.0042541            0            0
  -0.5426053    0.0042541            0            0
   -0.534097    0.0042541            0            0
  -0.5255887    0.0042541            0            0
  -0.5170804    0.0042541            0            0
  -0.5085721    0.0042541            0            0
  -0.5000638    0.0042541            0            0
  -0.4915555    0.0042541            0            0
  -0.4830472    0.0042541            0            0
  -0.4745389    0.0042541            1            1
  -0.4660306    0.0042541            2       1.4142
  -0.4575223    0.0042541            6       2.4495
   -0.449014    0.0042541           15        3.873
  -0.4405057    0.0042541           33       5.7446
  -0.4319974    0.0042541          115       10.724
  -0.4234891    0.0042541          216       14.697
  -0.4149808    0.0042541          398        19.95
  -0.4064725    0.0042541          579       24.062
  -0.3979642    0.0042541          840       28.983
  -0.3894559    0.0042541          994       31.528
  -0.3809476    0.0042541         1188       34.467
  -0.3724393    0.0042541         1275       35.707
   -0.363931    0.0042541         1508       38.833
  -0.3554227    0.0042541         1560       39.497
  -0.3469144    0.0042541         1706       41.304
  -0.3384061    0.0042541         1855        43.07
  -0.3298978    0.0042541         1917       43.784
  -0.3213895    0.0042541         1998       44.699
  -0.3128812    0.0042541         2043         45.2
  -0.3043729    0.0042541         2139       46.249
  -0.2958646    0.0042541         2192       46.819
  -0.2873563    0.0042541         2264       47.582
   -0.278848    0.0042541         2348       48.456
  -0.2703397    0.0042541         2295       47.906
  -0.2618314    0.0042541         2294       47.896
  -0.2533231    0.0042541         2095       45.771
  -0.2448148    0.0042541         2037       45.133
  -0.2363065    0.0042541         1914       43.749
  -0.2277982    0.0042541         1698       41.207
  -0.2192899    0.0042541         1614       40.175
  -0.2107816    0.0042541         1590       39.875
  -0.2022733    0.0042541         1468       38.314
   -0.193765    0.0042541         1444           38
  -0.1852567    0.0042541         1429       37.802
  -0.1767484    0.0042541         1397       37.376
  -0.1682401    0.0042541         1273       35.679
  -0.1597318    0.0042541         1345       36.674
  -0.1512235    0.0042541         1305       36.125
  -0.1427152    0.0042541         1213       34.828
  -0.1342069    0.0042541         1224       34.986
  -0.1256986    0.0042541         1275       35.707
  -0.1171903    0.0042541         1261       35.511
   -0.108682    0.0042541         1251       35.369
  -0.1001737    0.0042541         1247       35.313
  -0.0916654    0.0042541         1183       34.395
  -0.0831571    0.0042541         1194       34.554
  -0.0746488    0.0042541         1216       34.871
  -0.0661405    0.0042541         1200       34.641
  -0.0576322    0.0042541         1207       34.742
 -0.04912391    0.0042541         1168       34.176
 -0.04061561    0.0042541         1185       34.424
 -0.03210731    0.0042541         1156           34
 -0.02359901    0.0042541         1181       34.366
 -0.01509071    0.0042541         1144       33.823
-0.006582409    0.0042541         1189       34.482
 0.001925891    0.0042541         1216       34.871
  0.01043419    0.0042541         1163       34.103
  0.01894249    0.0042541         1199       34.627
  0.02745079    0.0042541         1194       34.554
  0.03595909    0.0042541         1202        34.67
  0.04446739    0.0042541         1161       34.073
  0.05297569    0.0042541         1203       34.684
  0.06148399    0.0042541         1217       34.886
  0.06999229    0.0042541         1233       35.114
  0.07850059    0.0042541         1198       34.612
  0.08700888    0.0042541         1174       34.264
  0.09551718    0.0042541         1213       34.828
   0.1040255    0.0042541         1263       35.539
   0.1125338    0.0042541         1265       35.567
   0.1210421    0.0042541         1315       36.263
   0.1295504    0.0042541         1279       35.763
   0.1380587    0.0042541         1327       36.428
    0.146567    0.0042541         1281       35.791
   0.1550753    0.0042541         1275       35.707
   0.1635836    0.0042541         1283       35.819
   0.1720919    0.0042541         1386       37.229
   0.1806002    0.0042541         1318       36.304
   0.1891085    0.0042541         1339       36.592
   0.1976168    0.0042541         1446       38.026
   0.2061251    0.0042541         1434       37.868
   0.2146334    0.0042541         1413        37.59
   0.2231417    0.0042541         1485       38.536
     0.23165    0.0042541         1514        38.91
   0.2401583    0.0042541         1569       39.611
   0.2486666    0.0042541         1619       40.237
   0.2571749    0.0042541         1748       41.809
   0.2656832    0.0042541         1929        43.92
   0.2741915    0.0042541         2116           46
   0.2826998    0.0042541         2139       46.249
   0.2912081    0.0042541         2194        46.84
   0.2997164    0.0042541         2218       47.096
   0.3082247    0.0042541         2243        47.36
    0.316733    0.0042541         2090       45.717
   0.3252413    0.0042541         2099       45.815
   0.3337496    0.0042541         2076       45.563
   0.3422579    0.0042541         2065       45.442
   0.3507662    0.0042541         1958       44.249
   0.3592745    0.0042541         1927       43.898
   0.3677828    0.0042541         1681           41
   0.3762911    0.0042541         1648       40.596
   0.3847994    0.0042541         1539        39.23
   0.3933077    0.0042541         1427       37.776
    0.401816    0.0042541         1351       36.756
   0.4103243    0.0042541         1202        34.67
   0.4188326    0.0042541         1030       32.094
   0.4273409    0.0042541          892       29.866
   0.4358492    0.0042541          612       24.739
   0.4443575    0.0042541          441           21
   0.4528658    0.0042541          249        15.78
   0.4613741    0.0042541          110       10.488
   0.4698824    0.0042541           36            6
   0.4783907    0.0042541           15        3.873
    0.486899    0.0042541           12       3.4641
   0.4954073    0.0042541            4            2
   0.5039156    0.0042541            1            1
   0.5124239    0.0042541            0            0
   0.5209322    0.0042541            0            0
   0.5294405    0.0042541            1            1
   0.5379488    0.0042541            0            0
   0.5464571    0.0042541            0            0
   0.5549654    0.0042541            0            0
   0.5634737    0.0042541            0            0
   0.5719819    0.0042541            0            0
   0.5804902    0.0042541            0            0
   0.5889985    0.0042541            0            0
   0.5975068    0.0042541            0            0
   0.6060151    0.0042541            0            0
   0.6145234    0.0042541            0            0
   0.6230317    0.0042541            0            0
     0.63154    0.0042541            0            0
   0.6400483    0.0042541            0            0
   0.6485566    0.0042541            0            0
   0.6570649    0.0042541            0            0
   0.6655732    0.0042541            0            0
   0.6740815    0.0042541            0            0
   0.6825898    0.0042541            0            0
   0.6910981    0.0042541            0            0
   0.6996064    0.0042541            0            0
   0.7081147    0.0042541            0            0
    0.716623    0.0042541            0            0
   0.7251313    0.0042541            0            0
   0.7336396    0.0042541            0            0
   0.7421479    0.0042541            0            0
   0.7506562    0.0042541            0            0
   0.7591645    0.0042541            0            0
   0.7676728    0.0042541            0            0
   0.7761811    0.0042541            0            0
   0.7846894    0.0042541            0            0
   0.7931977    0.0042541            0            0
    0.801706    0.0042541            0            0
   0.8102143    0.0042541            0            0
   0.8187226    0.0042541            0            0
   0.8272309    0.0042541            0            0
   0.8357392    0.0042541            0            0
   0.8442475    0.0042541            0            0
   0.8527558    0.0042541            0            0
   0.8612641    0.0042541            0            0
   0.8697724    0.0042541            0            0
   0.8782807    0.0042541            0            0
    0.886789    0.0042541            0            0
   0.8952973    0.0042541            0            0
   0.9038056    0.0042541            0            0
   0.9123139    0.0042541            0            0
   0.9208222    0.0042541            0            0
   0.9293305    0.0042541            0            0
   0.9378388    0.0042541            0            0
   0.9463471    0.0042541            0            0
   0.9548554    0.0042541            0            0
   0.9633637    0.0042541            0            0
    0.971872    0.0042541            0            0
   0.9803803    0.0042541            0            0
   0.9888886    0.0042541            0            0
   0.9973969    0.0042541            0            0
    1.005905    0.0042541            0            0
    1.014414    0.0042541            0            0
    1.022922    0.0042541            0            0
     1.03143    0.0042541            0            0
    1.039938    0.0042541            0            0
    1.048447    0.0042541            0            0
    1.056955    0.0042541            0            0
    1.065463    0.0042541            0            0
    1.073972    0.0042541            0            0
     1.08248    0.0042541            0            0
    1.090988    0.0042541            0            0
    1.099497    0.0042541            0            0
    1.108005    0.0042541            0            0
    1.116513    0.0042541            0            0
    1.125021    0.0042541            0            0
     1.13353    0.0042541            0            0
    1.142038    0.0042541            0            0
    1.150546    0.0042541            0            0
    1.159055    0.0042541            0            0
    1.167563    0.0042541            0            0
    1.176071    0.0042541            0            0
     1.18458    0.0042541            0            0
    1.193088    0.0042541            0            0
    1.201596    0.0042541            0            0
    1.210104    0.0042541            0            0
    1.218613    0.0042541            0            0
    1.227121    0.0042541            0            0
    1.235629    0.0042541            0            0
    1.244138    0.0042541            0            0
    1.252646    0.0042541            0            0
    1.261154    0.0042541            0            0
    1.269662    0.0042541            0            0
    1.278171    0.0042541            0            0
    1.286679    0.0042541            0            0
